Model:
predict "Class = +1" if score > 1
score =	2 * x3
Accuracy: 0.57784
Confusion Matrix: 
66	104
37	127
Predictions: 
1
-1
1
1
1
-1
-1
1
-1
-1
-1
-1
1
-1
-1
-1
1
-1
1
-1
1
-1
-1
1
1
1
-1
-1
-1
-1
1
-1
1
-1
1
1
-1
1
1
-1
1
-1
1
-1
-1
-1
-1
-1
1
1
-1
-1
-1
-1
1
-1
-1
1
1
1
-1
1
1
-1
-1
1
1
-1
1
1
1
-1
-1
-1
1
1
1
-1
-1
-1
-1
1
1
-1
-1
1
1
-1
1
1
1
1
-1
1
-1
1
-1
1
1
-1
-1
1
1
-1
1
-1
-1
-1
-1
-1
-1
-1
1
-1
1
-1
1
1
-1
-1
-1
1
1
1
1
1
-1
1
-1
1
1
1
-1
-1
1
-1
1
-1
-1
1
-1
1
-1
-1
-1
1
1
-1
-1
1
-1
1
1
-1
1
-1
-1
1
1
-1
1
1
1
-1
-1
-1
1
-1
-1
1
1
1
1
1
-1
-1
-1
-1
-1
1
-1
1
1
1
-1
-1
1
-1
-1
-1
1
-1
-1
-1
-1
-1
1
-1
-1
1
-1
-1
1
1
-1
1
1
1
-1
1
-1
-1
1
1
1
1
1
-1
1
1
-1
-1
-1
1
1
-1
1
1
1
1
-1
1
-1
1
-1
1
1
-1
-1
1
1
-1
1
1
1
-1
-1
1
-1
-1
1
1
-1
-1
1
1
-1
1
-1
1
-1
-1
-1
-1
-1
1
1
-1
1
-1
-1
-1
1
1
1
-1
1
1
1
1
1
-1
-1
-1
1
1
1
-1
1
1
1
1
-1
-1
-1
-1
-1
-1
-1
1
1
-1
-1
1
-1
1
-1
1
-1
1
-1
-1
1
1
-1
1
1
-1
-1
1
-1
-1
-1
1
1
-1
1
-1
1
1
-1
-1
1
1
