Model:
predict "Class = +1" if score > 1
score =	2 * x3
Accuracy: 0.41317
Confusion Matrix: 
79	172
24	59
Predictions: 
-1
-1
-1
-1
-1
-1
-1
-1
-1
-1
1
-1
-1
-1
1
-1
-1
-1
-1
-1
1
-1
-1
1
1
-1
-1
-1
-1
-1
-1
-1
-1
-1
-1
1
-1
1
1
-1
1
-1
1
-1
-1
-1
-1
-1
-1
-1
-1
-1
-1
-1
-1
1
-1
-1
-1
-1
-1
1
-1
-1
1
1
-1
-1
-1
1
-1
-1
-1
-1
-1
-1
-1
-1
-1
-1
1
-1
-1
-1
-1
-1
-1
-1
-1
1
1
-1
1
1
-1
-1
-1
1
-1
-1
-1
-1
1
1
-1
-1
-1
1
-1
1
1
1
1
-1
-1
-1
-1
-1
-1
-1
1
-1
-1
-1
-1
-1
-1
-1
-1
-1
1
-1
-1
1
1
1
-1
-1
-1
-1
-1
-1
1
-1
-1
-1
-1
-1
-1
1
-1
-1
1
-1
-1
1
-1
-1
-1
1
-1
1
-1
-1
-1
-1
-1
-1
-1
-1
-1
-1
-1
1
-1
-1
1
1
1
-1
-1
-1
-1
-1
-1
-1
-1
-1
-1
1
-1
-1
-1
1
-1
-1
1
1
-1
1
1
-1
1
1
-1
-1
-1
-1
-1
-1
-1
-1
1
-1
-1
-1
-1
-1
-1
-1
-1
-1
1
-1
-1
1
1
1
-1
-1
-1
-1
-1
-1
-1
1
-1
-1
1
-1
-1
-1
-1
-1
-1
-1
-1
1
1
-1
-1
-1
1
-1
-1
-1
-1
-1
1
-1
-1
1
-1
1
-1
1
-1
-1
-1
-1
-1
1
-1
-1
-1
-1
-1
-1
1
1
-1
1
1
-1
1
1
1
1
-1
-1
1
-1
-1
1
-1
-1
1
-1
-1
1
-1
1
-1
-1
-1
-1
-1
-1
-1
1
-1
-1
-1
-1
-1
-1
-1
-1
-1
-1
-1
-1
1
-1
-1
-1
-1
-1
-1
-1
-1
1
1
-1
