Model:
predict "Class = +1" if score > 1
score =	2 * x3
Accuracy: 0.63772
Confusion Matrix: 
32	50
71	181
Predictions: 
-1
-1
1
1
1
1
1
1
-1
1
1
1
1
-1
-1
-1
1
1
1
1
1
-1
1
1
1
1
-1
1
1
1
1
1
1
1
1
1
1
1
1
-1
1
1
1
1
1
-1
1
-1
1
1
1
1
-1
-1
1
-1
1
1
1
1
1
1
1
-1
1
1
1
-1
1
1
1
-1
1
1
1
1
1
1
-1
-1
1
1
1
-1
1
1
1
-1
1
1
1
1
1
1
1
1
-1
1
1
-1
-1
1
1
-1
1
1
1
1
1
1
-1
1
1
-1
1
-1
1
1
-1
-1
-1
1
-1
1
1
1
1
1
1
1
1
1
-1
1
1
1
1
1
1
1
-1
1
1
-1
-1
1
1
1
-1
1
-1
1
1
1
1
1
1
1
-1
1
1
1
1
-1
-1
-1
1
1
1
1
1
1
1
1
1
1
1
1
1
1
-1
1
-1
1
-1
-1
1
-1
1
1
1
-1
-1
1
1
1
1
1
1
1
1
1
1
1
-1
1
1
-1
1
1
1
-1
1
1
-1
1
1
-1
-1
1
1
1
-1
1
1
1
1
1
1
1
-1
1
-1
1
1
1
1
-1
-1
1
1
1
1
1
1
-1
-1
1
1
-1
1
1
1
1
1
1
1
1
-1
1
-1
-1
1
-1
1
1
1
1
1
-1
-1
-1
1
1
1
1
1
1
1
1
1
-1
1
1
1
1
1
1
1
1
1
1
-1
1
1
1
1
1
1
1
1
1
1
1
-1
1
-1
1
1
1
-1
1
1
1
-1
1
1
1
-1
1
-1
-1
1
1
-1
1
1
-1
1
1
1
-1
1
1
