Model:
predict "Class = +1" if score > 1
score =	2 * x3
Accuracy: 0.60778
Confusion Matrix: 
62	90
41	141
Predictions: 
1
1
1
1
1
-1
-1
1
-1
-1
-1
-1
1
-1
-1
-1
-1
-1
1
-1
1
-1
1
1
1
1
-1
-1
-1
1
1
-1
-1
1
-1
-1
-1
1
1
-1
1
1
1
-1
-1
1
1
-1
-1
1
-1
1
-1
-1
-1
-1
-1
1
1
-1
1
1
1
1
-1
1
1
1
1
1
1
-1
-1
1
1
1
1
-1
-1
-1
-1
1
1
-1
1
-1
1
-1
1
1
1
1
-1
1
-1
1
-1
-1
-1
1
-1
1
1
-1
1
-1
-1
1
-1
1
-1
1
1
-1
1
1
1
1
-1
-1
-1
1
-1
-1
-1
1
1
1
-1
1
1
1
1
1
-1
-1
1
-1
-1
1
-1
1
1
-1
-1
1
1
-1
-1
1
1
-1
1
1
1
-1
-1
1
-1
-1
1
-1
1
1
1
-1
1
-1
1
1
1
1
-1
1
-1
-1
1
-1
-1
1
1
1
1
-1
-1
-1
1
-1
-1
1
-1
1
1
1
1
1
1
-1
-1
1
-1
-1
1
1
-1
1
1
-1
-1
1
1
-1
1
1
-1
-1
1
-1
-1
1
-1
-1
-1
1
1
1
1
1
1
1
-1
1
1
1
1
1
1
-1
-1
1
1
-1
1
-1
1
-1
1
-1
1
-1
1
1
-1
-1
-1
1
-1
1
-1
1
-1
1
-1
1
1
1
-1
1
1
-1
-1
1
1
1
-1
1
1
-1
1
1
1
1
-1
-1
1
1
-1
-1
1
1
1
1
-1
-1
-1
1
-1
-1
-1
1
1
-1
-1
-1
-1
1
-1
1
1
-1
-1
-1
1
1
1
1
1
-1
-1
1
-1
-1
1
1
-1
-1
1
-1
1
1
-1
-1
1
1
