Model:
predict "Class = +1" if score > 1
score =	2 * x3
Accuracy: 0.54491
Confusion Matrix: 
86	135
17	96
Predictions: 
-1
-1
-1
-1
1
-1
-1
-1
1
-1
-1
-1
1
-1
-1
-1
-1
-1
-1
-1
1
-1
1
-1
1
-1
-1
-1
-1
-1
1
-1
1
-1
1
1
-1
1
1
-1
1
-1
-1
-1
-1
-1
-1
-1
-1
1
1
-1
-1
-1
1
-1
-1
1
-1
1
1
1
1
-1
-1
-1
1
-1
1
-1
1
-1
-1
-1
1
-1
-1
-1
1
-1
-1
1
1
-1
-1
1
1
-1
1
1
-1
1
-1
1
-1
1
-1
-1
-1
-1
-1
1
1
-1
1
-1
-1
-1
-1
-1
-1
-1
1
-1
1
-1
-1
1
-1
-1
-1
1
-1
1
1
1
-1
1
-1
1
-1
1
-1
-1
1
-1
1
-1
-1
1
-1
-1
-1
-1
-1
1
1
-1
-1
-1
-1
-1
1
-1
1
-1
-1
-1
-1
-1
-1
1
1
-1
-1
-1
1
-1
-1
-1
1
1
1
1
-1
-1
-1
-1
-1
-1
-1
1
-1
-1
-1
-1
1
-1
-1
-1
-1
-1
-1
-1
-1
-1
1
-1
-1
1
-1
-1
1
1
-1
1
1
-1
-1
1
-1
-1
1
-1
-1
-1
1
-1
-1
1
-1
-1
-1
-1
-1
1
1
1
-1
1
-1
1
-1
1
-1
-1
1
-1
-1
-1
1
-1
1
-1
1
-1
-1
-1
-1
-1
1
1
-1
-1
1
1
-1
1
-1
1
-1
-1
-1
-1
-1
1
-1
-1
1
-1
-1
-1
1
1
-1
-1
-1
-1
1
1
-1
-1
-1
-1
1
-1
1
-1
1
1
1
1
-1
-1
-1
-1
-1
-1
-1
-1
1
-1
-1
-1
-1
-1
-1
-1
-1
-1
-1
-1
1
1
-1
-1
1
-1
-1
1
-1
-1
-1
1
-1
-1
1
-1
1
1
-1
-1
1
1
