Model:
predict "Class = +1" if score > 1
score =	2 * x3
Accuracy: 0.60479
Confusion Matrix: 
64	93
39	138
Predictions: 
1
-1
1
1
1
-1
-1
-1
-1
-1
-1
-1
1
-1
-1
-1
-1
-1
1
-1
1
-1
1
1
1
1
-1
1
-1
1
1
1
-1
-1
1
1
-1
1
1
-1
1
-1
1
-1
-1
-1
-1
-1
1
1
-1
-1
-1
-1
1
-1
-1
1
1
1
1
1
1
-1
-1
1
1
-1
1
1
1
-1
-1
-1
1
1
1
-1
-1
-1
1
1
1
1
-1
1
1
-1
1
1
1
1
-1
-1
-1
1
1
1
1
-1
-1
1
1
1
1
-1
-1
-1
1
-1
-1
-1
1
-1
1
-1
1
1
1
1
-1
1
-1
1
1
1
-1
1
-1
1
1
1
-1
-1
1
-1
1
-1
1
1
-1
1
-1
1
-1
1
1
-1
-1
1
-1
-1
1
-1
1
1
-1
1
-1
-1
1
1
1
-1
-1
-1
1
1
-1
1
1
1
1
1
-1
-1
-1
-1
1
1
1
1
-1
1
-1
-1
1
-1
1
-1
-1
-1
-1
1
1
-1
1
-1
-1
1
-1
-1
1
1
-1
1
1
-1
-1
1
-1
-1
-1
1
1
-1
1
1
-1
1
-1
-1
-1
-1
1
1
1
1
1
1
-1
1
-1
-1
-1
1
1
-1
1
1
1
-1
1
1
1
-1
1
-1
-1
1
1
1
-1
-1
1
1
-1
1
1
1
-1
-1
-1
-1
-1
1
-1
1
1
-1
-1
-1
1
1
1
-1
1
-1
-1
1
1
1
-1
-1
1
1
1
-1
1
1
1
1
-1
-1
-1
-1
-1
-1
-1
1
1
-1
-1
1
-1
1
-1
1
-1
1
-1
-1
1
1
-1
1
1
1
-1
1
-1
-1
-1
1
1
-1
1
-1
1
1
1
1
1
1
