Model:
predict "Class = +1" if score > 1
score =	2 * x3
Accuracy: 0.61976
Confusion Matrix: 
76	100
27	131
Predictions: 
1
-1
1
-1
1
-1
-1
-1
-1
-1
-1
-1
1
-1
-1
-1
1
1
1
-1
1
1
1
1
1
1
-1
-1
-1
-1
1
-1
1
-1
1
1
1
1
1
-1
1
-1
1
-1
-1
-1
-1
-1
1
1
-1
-1
-1
-1
1
1
-1
1
1
-1
1
1
1
-1
-1
1
1
-1
1
1
1
-1
-1
-1
1
1
1
-1
-1
-1
-1
1
-1
-1
1
1
1
1
1
1
1
1
-1
1
-1
1
-1
-1
1
-1
-1
-1
1
-1
1
-1
-1
-1
-1
-1
-1
-1
1
-1
1
-1
1
1
-1
-1
-1
-1
-1
1
1
1
-1
1
-1
1
1
1
-1
-1
1
-1
1
-1
-1
1
-1
1
-1
1
-1
1
1
-1
-1
-1
-1
1
1
-1
1
-1
-1
1
1
-1
1
1
1
-1
-1
-1
1
-1
-1
1
1
1
-1
1
1
-1
-1
-1
-1
1
-1
1
1
-1
-1
1
1
-1
-1
1
-1
-1
-1
1
-1
1
1
-1
1
1
-1
-1
1
1
-1
-1
1
-1
-1
1
-1
-1
1
1
-1
-1
1
-1
-1
1
-1
-1
1
-1
1
1
1
1
1
1
-1
1
1
1
-1
1
1
-1
-1
1
1
-1
1
1
1
-1
-1
-1
-1
-1
-1
-1
1
-1
1
1
1
1
-1
-1
-1
-1
-1
-1
-1
1
-1
-1
1
-1
-1
-1
1
1
1
-1
1
-1
1
-1
1
1
-1
-1
1
1
1
-1
1
1
1
1
-1
-1
-1
-1
-1
-1
1
1
1
-1
-1
-1
-1
1
-1
1
1
-1
-1
-1
-1
1
-1
1
1
-1
-1
1
-1
-1
-1
1
-1
-1
1
-1
1
1
-1
-1
1
1
