Model:
predict "Class = +1" if score > 1
score =	2 * x3
Accuracy: 0.65269
Confusion Matrix: 
53	66
50	165
Predictions: 
1
-1
1
1
1
1
-1
-1
-1
1
-1
-1
1
-1
-1
-1
1
-1
1
-1
1
1
1
1
1
1
-1
-1
-1
-1
1
-1
1
-1
1
1
-1
1
1
1
1
-1
1
1
-1
-1
-1
-1
1
1
-1
1
-1
-1
1
-1
-1
1
1
1
1
1
1
-1
-1
1
1
-1
1
1
1
-1
-1
-1
1
1
1
-1
1
1
1
1
1
-1
1
1
1
1
1
1
1
1
-1
1
-1
1
-1
-1
1
1
-1
1
1
-1
1
-1
1
-1
-1
-1
-1
1
1
1
1
-1
1
1
-1
1
-1
1
-1
1
1
1
1
1
-1
1
1
1
1
-1
1
1
1
-1
-1
1
-1
1
1
-1
-1
1
1
1
-1
1
-1
1
1
1
1
1
1
1
-1
-1
1
1
1
-1
1
-1
1
1
-1
1
1
1
1
1
1
-1
-1
-1
-1
1
1
1
1
-1
1
-1
1
-1
1
-1
-1
-1
1
1
1
1
1
1
-1
1
-1
-1
1
1
-1
1
1
-1
-1
1
-1
1
1
1
1
1
1
1
-1
1
-1
-1
-1
-1
1
1
1
1
1
1
1
1
-1
1
1
1
1
1
-1
1
1
1
1
1
1
-1
1
-1
-1
-1
1
1
-1
-1
1
1
-1
1
1
1
-1
1
-1
-1
1
1
1
-1
1
-1
-1
1
1
1
1
-1
1
-1
1
1
1
1
1
-1
1
1
1
-1
1
1
1
1
1
-1
-1
1
1
1
1
1
1
1
-1
1
-1
1
-1
1
1
1
1
-1
1
1
1
1
1
1
-1
1
-1
-1
-1
1
-1
-1
1
-1
1
1
1
1
1
1
