Model:
predict "Class = +1" if score > 1
score =	2 * x3
Accuracy: 0.54192
Confusion Matrix: 
86	136
17	95
Predictions: 
-1
-1
1
-1
1
-1
-1
-1
-1
-1
-1
-1
1
-1
-1
-1
1
-1
1
-1
-1
-1
-1
1
-1
-1
-1
-1
-1
-1
1
-1
1
-1
1
1
1
1
1
-1
1
-1
1
-1
-1
-1
-1
-1
1
-1
-1
-1
-1
-1
-1
-1
-1
1
-1
-1
1
1
1
-1
-1
1
1
-1
1
1
-1
-1
-1
-1
1
1
-1
-1
-1
-1
-1
-1
1
-1
-1
1
1
-1
1
1
1
-1
-1
1
-1
1
-1
-1
-1
-1
-1
1
-1
-1
1
-1
-1
-1
-1
-1
-1
-1
1
-1
1
-1
-1
1
-1
-1
-1
1
-1
1
1
1
-1
1
-1
1
1
-1
-1
-1
-1
-1
1
-1
-1
1
-1
1
-1
-1
-1
1
1
-1
-1
1
-1
-1
1
-1
1
-1
-1
-1
-1
-1
1
1
-1
-1
-1
-1
1
-1
-1
1
1
1
1
-1
-1
-1
-1
-1
-1
1
-1
1
-1
-1
-1
-1
1
-1
-1
-1
-1
-1
-1
-1
-1
-1
-1
-1
-1
1
-1
-1
1
1
-1
1
1
-1
-1
1
-1
-1
-1
1
-1
-1
-1
-1
-1
1
-1
-1
-1
-1
1
1
-1
1
1
1
-1
1
-1
-1
-1
1
1
-1
-1
1
1
-1
1
-1
1
-1
-1
-1
-1
-1
1
1
-1
-1
-1
1
-1
-1
-1
1
-1
-1
-1
-1
-1
-1
-1
-1
-1
-1
-1
-1
1
1
1
-1
1
-1
-1
1
1
-1
-1
-1
-1
1
-1
-1
1
1
1
1
-1
-1
-1
-1
-1
-1
-1
1
1
-1
-1
-1
-1
1
-1
1
1
-1
-1
-1
1
1
-1
-1
1
-1
-1
-1
-1
-1
-1
1
-1
-1
1
-1
-1
1
-1
-1
1
1
