Model:
predict "Class = +1" if score > 1
score =	2 * x3
Accuracy: 0.61677
Confusion Matrix: 
68	93
35	138
Predictions: 
-1
-1
1
-1
1
-1
-1
-1
-1
-1
-1
-1
1
-1
-1
-1
1
-1
1
-1
1
-1
1
1
1
1
-1
-1
-1
1
1
-1
1
-1
1
1
-1
1
1
-1
1
-1
1
-1
-1
-1
-1
-1
1
1
-1
1
1
-1
1
-1
-1
1
1
1
1
1
1
1
-1
1
1
-1
1
1
1
1
-1
-1
1
1
1
1
1
-1
1
1
1
-1
-1
1
1
-1
1
1
1
1
-1
1
-1
1
-1
-1
1
-1
1
1
1
1
1
1
-1
-1
-1
1
-1
-1
1
-1
1
-1
1
1
-1
-1
-1
1
-1
1
1
1
-1
1
-1
1
1
1
-1
-1
1
-1
1
-1
-1
1
-1
1
-1
-1
-1
1
1
1
-1
1
-1
-1
1
-1
1
-1
-1
1
-1
-1
1
1
1
-1
-1
1
1
-1
-1
1
1
1
1
1
-1
-1
-1
1
-1
1
-1
1
-1
-1
-1
-1
1
-1
-1
-1
-1
1
-1
1
-1
-1
1
-1
-1
1
1
-1
1
1
-1
1
1
-1
-1
1
-1
-1
1
1
-1
-1
1
-1
1
1
-1
1
-1
-1
1
1
1
1
1
1
-1
1
1
1
-1
1
1
-1
1
1
1
-1
1
-1
1
-1
-1
-1
-1
-1
1
1
-1
-1
1
1
-1
1
-1
1
-1
-1
-1
1
-1
1
1
-1
1
-1
-1
-1
1
1
1
-1
1
-1
1
1
1
-1
-1
-1
1
1
1
1
1
1
1
1
1
-1
-1
-1
-1
-1
-1
1
1
-1
-1
-1
-1
1
-1
1
1
-1
-1
-1
1
1
-1
-1
1
1
-1
1
-1
-1
-1
1
-1
-1
1
-1
1
1
1
-1
1
1
