Model:
predict "Class = +1" if score > 1
score =	2 * x3
Accuracy: 0.67365
Confusion Matrix: 
61	67
42	164
Predictions: 
-1
-1
1
1
1
-1
-1
-1
-1
-1
1
-1
1
-1
-1
-1
1
1
1
1
1
-1
1
1
1
1
1
-1
-1
1
1
-1
1
-1
1
1
1
1
1
-1
1
1
1
-1
-1
-1
-1
-1
1
1
-1
-1
-1
1
1
1
-1
1
1
1
1
1
1
-1
-1
1
1
-1
1
1
1
1
-1
-1
1
1
1
1
1
-1
1
1
1
-1
1
1
1
-1
1
1
1
1
1
1
-1
1
1
1
1
1
-1
1
1
-1
1
-1
1
-1
1
-1
-1
-1
1
1
1
1
1
1
1
-1
-1
1
-1
1
1
1
-1
1
1
1
1
1
1
-1
1
-1
1
1
-1
1
-1
1
1
1
1
1
1
1
-1
1
-1
-1
1
1
1
-1
-1
1
-1
-1
1
1
1
1
1
-1
1
-1
-1
1
1
1
1
1
-1
-1
-1
-1
-1
1
1
1
-1
-1
-1
1
1
1
1
1
1
-1
-1
1
-1
-1
1
-1
1
1
-1
-1
1
1
-1
1
1
-1
-1
1
1
-1
1
1
-1
1
1
1
-1
1
1
-1
-1
1
1
1
1
1
1
1
1
1
-1
1
-1
1
1
-1
1
1
1
-1
1
-1
1
-1
1
-1
-1
-1
1
1
1
-1
1
1
-1
1
1
1
1
-1
-1
-1
-1
1
-1
-1
1
-1
-1
-1
1
1
1
1
1
-1
1
1
1
1
-1
-1
1
1
1
-1
1
1
1
1
-1
-1
-1
-1
-1
-1
-1
1
1
1
-1
-1
-1
1
-1
1
1
-1
1
-1
1
1
-1
-1
1
-1
1
1
1
-1
-1
1
1
-1
1
-1
1
1
1
-1
1
1
