Model:
predict "Class = +1" if score > 1
score =	2 * x3
Accuracy: 0.51497
Confusion Matrix: 
79	138
24	93
Predictions: 
-1
-1
1
-1
1
-1
-1
-1
-1
-1
-1
-1
1
-1
-1
-1
1
-1
1
-1
-1
-1
1
1
1
1
-1
-1
-1
-1
1
-1
1
-1
1
-1
-1
1
1
-1
1
-1
-1
-1
-1
-1
1
-1
1
1
-1
-1
-1
-1
-1
-1
-1
1
1
-1
1
1
-1
-1
-1
1
1
-1
1
1
1
-1
-1
-1
1
1
1
-1
-1
-1
-1
-1
1
-1
-1
-1
1
-1
1
-1
-1
1
-1
1
-1
1
-1
-1
1
-1
-1
-1
1
-1
1
-1
1
-1
-1
-1
-1
-1
1
-1
-1
-1
1
1
-1
-1
-1
-1
-1
1
1
-1
-1
1
-1
1
1
1
-1
-1
-1
-1
-1
-1
-1
1
-1
1
-1
-1
-1
-1
1
-1
-1
1
-1
-1
1
-1
1
-1
-1
-1
-1
-1
1
1
1
-1
-1
-1
1
-1
-1
-1
1
1
1
1
-1
-1
-1
-1
-1
-1
-1
1
-1
-1
-1
-1
1
-1
-1
-1
-1
-1
-1
1
-1
-1
1
-1
-1
1
-1
-1
1
1
-1
1
1
-1
-1
1
-1
-1
1
1
-1
-1
1
-1
-1
1
-1
-1
-1
-1
1
1
-1
1
1
1
-1
1
-1
1
-1
1
1
-1
-1
1
1
-1
1
-1
1
-1
-1
-1
-1
-1
-1
1
-1
-1
1
1
-1
1
-1
1
-1
-1
-1
-1
-1
1
-1
-1
1
-1
-1
1
1
1
-1
-1
-1
-1
1
1
1
-1
-1
-1
1
-1
-1
-1
1
1
-1
-1
-1
-1
-1
-1
-1
-1
-1
-1
1
1
-1
-1
-1
-1
-1
-1
-1
-1
-1
-1
1
-1
-1
-1
1
-1
-1
1
-1
-1
1
1
-1
-1
1
-1
1
1
-1
-1
-1
1
