Model:
predict "Class = +1" if score > 1
score =	2 * x3
Accuracy: 0.56886
Confusion Matrix: 
81	122
22	109
Predictions: 
-1
-1
1
-1
1
-1
-1
-1
-1
-1
-1
-1
1
-1
-1
-1
1
-1
1
-1
1
-1
1
-1
1
1
-1
-1
-1
-1
1
-1
1
-1
1
1
-1
1
1
-1
1
-1
1
-1
-1
-1
-1
-1
1
-1
-1
-1
-1
-1
1
-1
-1
-1
1
-1
1
1
1
-1
-1
1
1
-1
1
1
1
-1
-1
-1
1
-1
1
-1
-1
-1
1
1
1
-1
-1
1
1
-1
1
1
-1
1
-1
1
-1
1
-1
-1
1
-1
-1
1
1
-1
1
-1
-1
-1
-1
-1
-1
-1
1
-1
1
-1
1
1
-1
-1
-1
-1
-1
1
1
1
-1
1
-1
1
-1
1
-1
-1
1
-1
1
-1
-1
1
-1
1
-1
-1
-1
1
1
-1
-1
1
-1
1
1
-1
-1
-1
-1
1
-1
-1
1
-1
1
-1
-1
-1
1
-1
-1
1
1
1
1
1
-1
-1
-1
-1
-1
1
-1
1
-1
-1
-1
-1
1
-1
-1
-1
-1
-1
-1
1
-1
-1
-1
-1
-1
1
-1
-1
1
1
-1
1
1
-1
-1
-1
-1
-1
1
1
-1
-1
1
-1
-1
1
-1
-1
-1
-1
1
1
1
1
1
1
-1
1
1
1
-1
1
1
-1
-1
1
1
-1
1
-1
1
-1
-1
-1
-1
-1
-1
1
-1
-1
1
1
-1
-1
-1
1
-1
-1
-1
-1
-1
1
-1
-1
-1
1
-1
-1
1
-1
1
-1
1
-1
1
1
1
-1
-1
-1
1
1
1
-1
1
1
1
1
-1
-1
-1
-1
-1
-1
-1
1
1
-1
-1
-1
-1
-1
-1
1
1
-1
-1
-1
1
1
-1
-1
1
-1
-1
1
-1
-1
-1
1
-1
-1
1
-1
1
1
-1
-1
-1
-1
