Model:
predict "Class = +1" if score > 1
score =	2 * x3
Accuracy: 0.58982
Confusion Matrix: 
69	103
34	128
Predictions: 
-1
-1
1
-1
1
-1
-1
1
-1
-1
-1
-1
1
-1
-1
-1
1
-1
1
-1
1
-1
1
1
1
1
-1
-1
-1
-1
1
-1
1
-1
1
1
-1
1
1
-1
1
-1
1
-1
-1
-1
-1
1
1
1
-1
-1
-1
1
1
-1
-1
1
1
1
1
1
1
-1
-1
-1
1
-1
1
1
1
1
-1
1
1
1
1
-1
-1
-1
-1
-1
1
1
-1
1
1
-1
1
1
1
1
1
1
-1
1
-1
1
1
-1
-1
1
1
-1
1
-1
-1
1
-1
1
-1
1
1
-1
1
-1
1
1
-1
-1
-1
1
-1
1
1
1
-1
1
1
1
1
1
-1
-1
1
-1
1
-1
-1
1
-1
1
-1
-1
-1
1
1
-1
-1
1
-1
-1
1
-1
1
-1
-1
1
-1
-1
1
1
1
1
-1
-1
1
-1
-1
1
1
1
1
1
-1
-1
-1
1
-1
1
1
1
-1
-1
-1
-1
1
1
-1
-1
-1
-1
-1
1
-1
-1
1
-1
-1
1
-1
-1
1
1
-1
1
1
-1
-1
1
-1
-1
1
1
-1
-1
1
-1
-1
1
-1
-1
-1
-1
1
1
1
1
1
1
-1
1
-1
1
-1
1
1
-1
-1
1
1
-1
1
-1
1
-1
-1
-1
-1
1
-1
1
-1
-1
1
1
-1
1
-1
1
-1
-1
-1
-1
-1
1
-1
-1
1
-1
-1
-1
1
1
1
-1
1
1
1
1
1
-1
-1
-1
1
1
1
-1
1
1
1
1
-1
-1
-1
-1
-1
-1
-1
1
1
-1
-1
1
-1
1
-1
1
1
-1
-1
-1
1
1
-1
-1
1
-1
-1
1
-1
-1
-1
1
-1
-1
1
-1
1
1
-1
-1
1
1
