Model:
predict "Class = +1" if score > 1
score =	2 * x3
Accuracy: 0.44012
Confusion Matrix: 
82	166
21	65
Predictions: 
1
-1
-1
-1
-1
-1
-1
-1
-1
1
-1
1
-1
-1
-1
-1
1
-1
1
-1
-1
-1
1
-1
-1
-1
1
-1
-1
1
1
-1
-1
-1
-1
-1
1
-1
-1
-1
-1
-1
1
-1
-1
-1
-1
-1
-1
-1
-1
-1
-1
-1
1
-1
-1
-1
1
1
-1
-1
1
-1
-1
1
-1
-1
-1
-1
1
-1
-1
-1
1
-1
-1
1
-1
1
-1
1
-1
-1
1
1
1
-1
1
1
1
-1
-1
-1
-1
-1
-1
-1
1
-1
-1
1
-1
1
-1
-1
-1
1
1
-1
-1
1
-1
-1
-1
-1
-1
-1
-1
-1
1
1
1
-1
1
1
1
1
-1
-1
-1
-1
-1
-1
-1
-1
-1
1
1
-1
1
-1
-1
-1
-1
-1
-1
-1
-1
-1
1
-1
-1
-1
1
-1
-1
-1
-1
-1
-1
-1
-1
-1
-1
-1
-1
-1
-1
-1
-1
-1
-1
1
-1
-1
-1
-1
-1
-1
1
1
1
-1
-1
-1
-1
-1
-1
-1
-1
-1
-1
-1
-1
-1
-1
1
-1
-1
-1
-1
-1
-1
1
1
1
-1
1
-1
-1
-1
1
-1
-1
1
1
-1
-1
-1
-1
-1
1
-1
-1
1
-1
1
-1
-1
-1
1
-1
-1
-1
-1
-1
-1
-1
1
-1
1
1
-1
1
-1
-1
-1
-1
-1
-1
-1
-1
-1
-1
-1
-1
-1
1
1
-1
1
1
-1
-1
-1
1
-1
-1
1
-1
-1
1
-1
-1
-1
-1
1
-1
-1
-1
-1
-1
-1
-1
-1
-1
-1
1
-1
1
-1
-1
-1
1
1
1
-1
-1
-1
-1
-1
-1
-1
-1
-1
-1
1
-1
-1
-1
-1
-1
-1
-1
-1
-1
-1
-1
-1
1
1
-1
1
-1
1
-1
1
-1
-1
-1
-1
1
1
