Model:
predict "Class = +1" if score > 1
score =	2 * x3
Accuracy: 0.57485
Confusion Matrix: 
78	117
25	114
Predictions: 
-1
-1
1
-1
1
-1
-1
-1
-1
-1
-1
-1
1
-1
-1
-1
1
-1
1
-1
1
-1
1
1
1
1
-1
-1
-1
-1
1
-1
1
-1
1
1
-1
1
1
-1
1
-1
-1
-1
-1
-1
-1
-1
1
1
-1
-1
-1
-1
1
-1
-1
1
1
1
1
1
1
-1
-1
1
1
-1
1
1
1
-1
-1
-1
1
1
1
-1
-1
-1
-1
1
1
-1
-1
1
1
-1
1
1
-1
1
-1
1
-1
1
-1
-1
1
-1
-1
1
1
-1
1
-1
-1
1
-1
-1
-1
-1
1
-1
1
-1
1
1
-1
-1
-1
1
-1
1
1
1
-1
1
-1
1
1
-1
-1
-1
1
-1
1
-1
-1
1
-1
1
-1
-1
-1
-1
1
-1
-1
1
-1
-1
1
-1
1
-1
-1
1
-1
-1
1
1
1
-1
-1
-1
1
-1
-1
1
1
1
1
-1
-1
-1
-1
-1
-1
1
-1
1
-1
-1
-1
-1
1
-1
-1
-1
-1
-1
-1
1
-1
-1
1
-1
-1
-1
-1
-1
1
1
-1
1
1
-1
-1
1
-1
-1
1
1
-1
-1
1
-1
-1
1
-1
-1
-1
-1
1
-1
1
1
1
1
-1
1
-1
1
-1
1
1
-1
-1
1
1
-1
1
-1
1
-1
-1
-1
-1
-1
1
1
-1
-1
1
1
-1
1
-1
1
-1
-1
1
-1
-1
1
-1
-1
1
-1
-1
-1
-1
1
1
-1
1
-1
1
1
1
-1
-1
-1
1
1
1
-1
1
1
1
1
-1
-1
-1
-1
-1
-1
-1
1
1
-1
-1
-1
-1
1
-1
1
1
-1
-1
-1
1
1
-1
-1
1
-1
-1
1
-1
-1
-1
1
-1
-1
1
-1
-1
1
-1
-1
1
1
