Model:
predict "Class = +1" if score > 1
score =	2 * x3
Accuracy: 0.51198
Confusion Matrix: 
81	141
22	90
Predictions: 
-1
-1
1
-1
1
-1
-1
-1
-1
-1
-1
-1
-1
-1
-1
-1
-1
-1
1
-1
1
-1
1
1
-1
1
-1
-1
-1
-1
1
-1
1
-1
1
1
1
1
1
-1
1
-1
1
-1
-1
-1
-1
-1
1
1
-1
-1
-1
-1
1
-1
-1
-1
-1
-1
1
1
1
-1
-1
1
-1
-1
1
1
-1
-1
-1
-1
1
1
-1
-1
-1
-1
-1
1
1
-1
-1
1
-1
-1
1
-1
1
-1
-1
1
-1
1
-1
-1
1
-1
-1
-1
-1
-1
1
-1
-1
-1
-1
-1
-1
-1
1
-1
1
-1
1
1
-1
-1
-1
1
-1
1
-1
-1
-1
1
-1
-1
-1
1
-1
-1
1
-1
-1
-1
-1
1
-1
-1
-1
-1
-1
-1
1
-1
-1
1
-1
-1
1
-1
1
-1
-1
1
-1
-1
1
1
1
-1
-1
-1
1
-1
-1
-1
1
-1
1
1
-1
-1
-1
-1
-1
1
-1
1
-1
-1
-1
-1
1
-1
-1
-1
-1
-1
-1
1
-1
-1
1
-1
-1
1
-1
-1
-1
1
-1
1
1
-1
-1
1
-1
-1
1
-1
-1
-1
1
-1
-1
1
-1
-1
-1
-1
1
1
1
1
1
1
-1
-1
-1
1
1
1
-1
-1
1
1
-1
-1
1
-1
-1
-1
-1
-1
-1
-1
1
1
-1
-1
1
1
-1
1
-1
1
-1
-1
-1
-1
-1
-1
-1
-1
1
-1
-1
-1
1
1
-1
-1
1
-1
-1
1
1
-1
-1
-1
1
1
1
-1
1
-1
1
1
-1
-1
-1
-1
-1
-1
-1
1
-1
-1
-1
-1
-1
1
-1
1
1
-1
-1
-1
1
1
-1
-1
1
-1
-1
-1
-1
-1
-1
1
-1
-1
-1
-1
-1
1
-1
-1
1
1
