Model:
predict "Class = +1" if score > 1
score =	2 * x3
Accuracy: 0.37126
Confusion Matrix: 
75	182
28	49
Predictions: 
-1
-1
-1
1
1
1
-1
-1
-1
-1
-1
-1
-1
-1
1
-1
-1
-1
-1
-1
-1
-1
-1
-1
-1
-1
-1
-1
-1
-1
-1
-1
-1
1
-1
1
1
-1
-1
1
-1
-1
-1
-1
-1
-1
-1
1
1
-1
-1
-1
1
-1
1
-1
-1
-1
1
-1
-1
-1
-1
-1
-1
-1
-1
-1
-1
-1
1
-1
-1
-1
-1
-1
1
1
-1
-1
1
-1
1
-1
-1
1
-1
-1
-1
-1
-1
-1
-1
-1
1
-1
-1
-1
-1
-1
-1
-1
1
-1
1
-1
-1
-1
-1
-1
1
-1
-1
-1
-1
1
-1
-1
-1
-1
-1
-1
-1
-1
1
-1
-1
1
-1
-1
-1
-1
-1
1
-1
1
-1
-1
1
-1
-1
1
-1
-1
-1
1
-1
-1
-1
-1
-1
-1
-1
-1
1
-1
-1
1
1
1
-1
-1
-1
-1
1
-1
-1
-1
-1
1
1
1
1
-1
-1
-1
-1
-1
-1
-1
-1
-1
1
1
1
1
-1
1
-1
1
-1
-1
1
-1
-1
-1
-1
-1
-1
1
1
-1
-1
-1
-1
1
-1
1
-1
-1
-1
1
-1
1
-1
-1
-1
1
-1
-1
-1
-1
-1
-1
-1
-1
-1
1
-1
1
-1
-1
1
-1
-1
-1
-1
-1
-1
-1
-1
-1
-1
1
-1
1
-1
-1
-1
-1
-1
-1
-1
1
-1
-1
1
-1
-1
-1
-1
1
-1
-1
-1
-1
-1
1
-1
-1
1
-1
-1
-1
-1
1
-1
1
-1
-1
-1
1
-1
-1
-1
-1
-1
-1
-1
-1
-1
-1
-1
-1
-1
-1
-1
1
-1
-1
1
-1
-1
1
-1
1
-1
-1
-1
-1
-1
-1
-1
1
-1
1
-1
-1
-1
1
-1
-1
1
-1
1
-1
-1
-1
-1
-1
1
-1
-1
-1
