Model:
predict "Class = +1" if score > 1
score =	2 * x3
Accuracy: 0.64671
Confusion Matrix: 
63	78
40	153
Predictions: 
-1
1
1
-1
1
1
-1
1
-1
-1
-1
-1
1
-1
-1
-1
1
-1
1
-1
1
1
1
1
1
1
-1
-1
-1
-1
1
-1
1
-1
1
1
-1
1
1
-1
1
-1
1
-1
-1
1
-1
-1
1
1
-1
-1
-1
-1
1
1
-1
1
1
1
1
1
1
-1
-1
1
1
-1
1
1
1
1
-1
-1
1
1
1
-1
-1
-1
-1
1
1
-1
1
1
1
1
1
1
1
1
-1
1
1
1
-1
-1
1
-1
-1
1
1
-1
1
-1
-1
-1
1
-1
-1
-1
1
1
1
1
1
1
-1
-1
-1
1
-1
1
1
1
-1
1
1
1
1
1
-1
-1
1
-1
1
1
-1
1
-1
1
-1
-1
1
1
1
1
1
1
-1
-1
1
1
1
-1
-1
1
-1
-1
1
1
1
-1
-1
-1
1
-1
1
1
1
1
1
1
-1
1
-1
-1
-1
1
-1
1
1
-1
-1
1
1
-1
-1
1
-1
-1
1
1
-1
1
1
-1
-1
1
-1
-1
1
1
-1
1
1
-1
-1
1
-1
-1
1
1
-1
-1
1
-1
-1
1
1
-1
-1
-1
1
1
1
1
1
1
-1
1
-1
1
-1
1
1
-1
-1
1
1
-1
1
-1
1
1
1
-1
-1
-1
1
1
-1
-1
1
1
1
1
1
1
-1
1
-1
-1
1
1
1
-1
1
1
1
-1
1
1
1
-1
1
-1
1
1
1
-1
1
1
1
1
1
-1
1
1
1
1
-1
1
-1
1
-1
-1
-1
1
1
-1
1
-1
-1
1
-1
1
1
1
1
-1
1
1
-1
-1
1
-1
1
1
-1
1
1
1
-1
-1
1
-1
1
1
-1
1
1
1
