Model:
predict "Class = +1" if score > 1
score =	2 * x3
Accuracy: 0.61677
Confusion Matrix: 
62	87
41	144
Predictions: 
-1
-1
1
-1
1
-1
-1
1
-1
-1
1
-1
1
1
-1
-1
1
-1
1
-1
1
-1
1
1
1
1
-1
1
-1
-1
1
-1
1
-1
1
1
-1
1
1
-1
1
-1
1
-1
-1
1
-1
-1
1
1
-1
1
-1
1
1
1
-1
1
1
1
1
1
1
-1
-1
1
1
-1
1
1
1
-1
-1
-1
1
-1
1
-1
-1
-1
1
1
1
-1
1
1
-1
1
1
1
1
1
-1
1
-1
1
-1
1
1
1
-1
1
1
1
-1
-1
-1
-1
1
-1
-1
-1
1
-1
1
1
1
1
-1
-1
1
1
-1
-1
1
1
1
1
-1
1
1
1
1
-1
1
-1
1
-1
-1
1
-1
1
-1
-1
-1
-1
1
-1
-1
1
-1
-1
1
-1
1
-1
-1
1
1
-1
1
1
1
1
1
-1
1
-1
-1
1
1
1
1
1
1
-1
-1
-1
1
1
-1
1
-1
-1
-1
-1
1
-1
-1
-1
-1
-1
-1
1
-1
-1
1
-1
-1
1
-1
-1
1
1
-1
1
1
-1
-1
1
1
-1
1
1
-1
-1
1
-1
-1
-1
-1
-1
1
-1
1
1
1
1
1
1
1
1
-1
1
-1
-1
1
1
-1
1
1
-1
1
-1
1
1
-1
1
1
-1
1
1
-1
1
1
1
-1
1
1
1
1
-1
-1
-1
-1
1
-1
-1
1
-1
-1
1
1
1
1
1
1
1
1
1
1
-1
1
-1
1
1
1
-1
1
1
1
1
1
-1
-1
-1
-1
-1
1
1
1
-1
-1
-1
-1
1
1
1
1
-1
-1
1
1
1
1
1
1
-1
-1
1
-1
-1
-1
1
-1
1
1
1
1
1
-1
-1
1
1
