Model:
predict "Class = +1" if score > 1
score =	2 * x3
Accuracy: 0.58084
Confusion Matrix: 
81	118
22	113
Predictions: 
-1
-1
1
-1
1
-1
-1
-1
-1
-1
-1
-1
1
-1
-1
-1
-1
-1
1
-1
1
-1
-1
1
1
1
-1
-1
-1
-1
1
-1
-1
-1
1
1
-1
1
1
-1
1
-1
1
-1
-1
-1
-1
-1
1
1
-1
-1
-1
-1
1
-1
-1
1
1
1
1
1
1
-1
-1
1
1
-1
1
1
1
-1
-1
-1
1
1
1
-1
-1
-1
-1
1
1
-1
-1
1
1
-1
1
1
1
-1
-1
1
-1
1
-1
-1
1
-1
-1
1
1
-1
1
-1
-1
-1
-1
-1
-1
-1
1
-1
1
-1
1
1
-1
-1
-1
1
-1
1
1
1
-1
1
-1
1
-1
1
-1
-1
1
-1
1
-1
-1
1
-1
1
-1
-1
-1
-1
1
-1
-1
1
-1
-1
1
-1
1
-1
-1
1
-1
-1
1
-1
-1
-1
-1
-1
1
-1
-1
1
1
1
1
-1
-1
-1
-1
-1
-1
1
-1
1
-1
1
-1
-1
1
-1
-1
-1
-1
-1
-1
-1
-1
-1
1
-1
-1
1
-1
-1
1
1
-1
1
-1
-1
-1
1
-1
-1
1
1
-1
-1
1
-1
-1
1
-1
-1
-1
-1
1
1
1
1
1
1
-1
1
1
1
-1
1
1
-1
-1
1
1
-1
1
-1
1
-1
-1
-1
-1
-1
1
1
-1
-1
1
1
-1
1
1
1
-1
-1
-1
-1
-1
1
-1
-1
1
-1
-1
-1
1
1
1
-1
1
-1
1
1
1
-1
-1
-1
-1
1
-1
-1
1
1
1
1
-1
-1
-1
-1
-1
-1
-1
1
-1
-1
-1
-1
-1
1
-1
1
1
-1
-1
-1
1
1
-1
-1
1
-1
1
-1
-1
-1
-1
1
-1
-1
1
-1
1
1
-1
-1
1
1
