Model:
predict "Class = +1" if score > 1
score =	2 * x3
Accuracy: 0.58683
Confusion Matrix: 
77	112
26	119
Predictions: 
-1
-1
-1
-1
1
-1
-1
-1
-1
-1
-1
-1
1
-1
-1
-1
1
-1
1
-1
1
-1
1
1
1
1
-1
-1
-1
-1
1
-1
1
-1
1
1
-1
1
1
-1
1
-1
1
-1
-1
-1
-1
-1
1
1
-1
-1
-1
-1
1
-1
-1
1
1
1
1
1
1
-1
-1
1
1
-1
1
1
1
-1
1
-1
1
1
1
-1
-1
-1
-1
1
1
-1
-1
1
1
-1
1
1
1
1
-1
1
-1
1
-1
-1
1
-1
-1
1
1
-1
1
-1
-1
-1
-1
-1
-1
1
1
-1
1
-1
1
1
-1
-1
-1
1
-1
1
1
1
-1
1
-1
1
1
1
-1
-1
1
-1
-1
-1
-1
-1
-1
1
-1
-1
-1
1
-1
-1
-1
1
-1
-1
1
-1
1
-1
-1
1
-1
-1
1
1
1
1
-1
-1
1
-1
-1
1
1
1
1
1
-1
-1
-1
-1
-1
1
-1
1
-1
-1
-1
-1
1
-1
-1
-1
-1
-1
-1
1
-1
-1
1
-1
-1
1
-1
-1
1
1
-1
1
1
-1
-1
1
-1
-1
1
1
-1
-1
1
-1
-1
1
-1
1
-1
-1
1
1
1
1
1
1
-1
1
-1
1
-1
1
1
-1
-1
1
1
-1
1
-1
1
-1
-1
-1
-1
1
1
1
-1
-1
-1
-1
-1
1
1
1
-1
-1
-1
-1
-1
1
-1
-1
1
1
-1
-1
1
1
-1
-1
1
-1
1
1
1
-1
-1
-1
1
1
1
-1
1
-1
1
1
-1
-1
-1
-1
-1
-1
-1
1
1
-1
-1
1
-1
1
1
1
1
-1
-1
-1
1
1
-1
-1
1
-1
-1
1
-1
-1
-1
1
-1
-1
1
-1
-1
1
-1
-1
1
-1
