Model:
predict "Class = +1" if score > 1
score =	2 * x3
Accuracy: 0.6018
Confusion Matrix: 
73	103
30	128
Predictions: 
-1
-1
1
-1
1
-1
-1
-1
-1
-1
-1
-1
1
-1
-1
-1
1
-1
1
-1
1
-1
1
1
1
1
-1
-1
-1
-1
1
1
-1
1
1
1
-1
1
1
1
1
-1
1
-1
-1
-1
-1
-1
-1
1
-1
-1
-1
1
1
-1
-1
1
1
1
1
1
1
-1
-1
1
1
-1
1
1
1
-1
1
-1
1
1
1
-1
-1
-1
-1
1
1
-1
-1
1
1
-1
-1
1
1
1
-1
1
-1
1
-1
-1
1
1
-1
1
1
-1
1
-1
-1
-1
-1
-1
-1
1
-1
-1
-1
1
1
1
-1
-1
-1
1
-1
1
1
1
1
1
-1
1
1
1
-1
-1
1
-1
1
-1
-1
1
-1
1
-1
-1
-1
-1
-1
-1
-1
1
-1
1
1
-1
1
-1
-1
1
-1
-1
1
1
1
-1
-1
-1
1
-1
-1
1
-1
1
1
1
-1
-1
1
-1
-1
1
-1
1
-1
-1
-1
-1
1
1
-1
-1
-1
-1
1
1
-1
-1
1
-1
1
1
-1
-1
1
1
1
1
1
1
-1
1
-1
-1
1
1
-1
-1
1
-1
-1
-1
1
-1
-1
-1
1
1
1
1
1
1
-1
1
1
1
-1
-1
1
1
-1
1
1
-1
1
-1
1
-1
-1
-1
-1
-1
-1
1
-1
-1
1
1
-1
1
1
1
1
-1
-1
-1
-1
1
-1
-1
1
-1
-1
-1
1
1
1
-1
1
-1
1
1
1
-1
-1
-1
1
1
1
-1
1
1
1
1
-1
-1
1
1
-1
-1
-1
1
1
-1
-1
-1
-1
1
-1
1
1
-1
-1
-1
1
1
-1
-1
1
-1
-1
1
-1
-1
-1
1
-1
-1
1
-1
1
1
1
-1
1
-1
