Model:
predict "Class = +1" if score > 1
score =	2 * x3
Accuracy: 0.58383
Confusion Matrix: 
77	113
26	118
Predictions: 
-1
-1
1
-1
1
1
-1
-1
-1
-1
-1
-1
1
-1
-1
-1
1
-1
1
-1
1
-1
1
1
1
-1
-1
-1
-1
-1
1
-1
1
-1
1
1
-1
1
1
-1
1
-1
1
1
-1
-1
-1
-1
1
1
-1
-1
-1
-1
1
-1
-1
1
1
1
-1
1
-1
-1
-1
1
1
-1
1
1
1
-1
-1
-1
1
1
1
-1
-1
-1
-1
1
1
-1
-1
1
1
-1
1
1
1
1
-1
1
-1
1
-1
-1
1
-1
-1
1
1
-1
1
-1
-1
-1
-1
-1
-1
-1
1
-1
1
-1
1
1
-1
-1
-1
1
-1
1
1
1
-1
1
-1
1
1
1
-1
-1
-1
-1
1
1
-1
1
-1
1
-1
-1
-1
1
1
-1
-1
1
-1
1
1
-1
1
-1
-1
1
-1
-1
1
1
1
-1
-1
-1
1
-1
1
1
1
1
1
1
-1
-1
-1
-1
-1
1
-1
-1
-1
-1
-1
-1
1
-1
-1
-1
-1
-1
-1
1
-1
-1
1
-1
-1
1
-1
-1
1
1
-1
1
1
-1
-1
1
-1
-1
1
1
-1
-1
1
-1
-1
1
-1
-1
-1
-1
1
1
1
1
1
1
-1
1
-1
1
-1
1
1
1
-1
1
1
-1
1
-1
1
-1
-1
-1
-1
-1
1
1
-1
-1
1
1
-1
1
-1
-1
-1
-1
-1
-1
-1
1
-1
-1
1
-1
-1
-1
-1
1
1
-1
1
-1
1
1
1
-1
-1
-1
1
1
1
-1
1
1
1
1
-1
-1
-1
-1
-1
-1
-1
1
1
-1
-1
-1
-1
1
-1
1
1
-1
-1
-1
1
1
-1
-1
1
-1
-1
1
-1
-1
-1
1
-1
-1
1
-1
-1
1
-1
-1
1
1
