Model:
predict "Class = +1" if score > 1
score =	2 * x3
Accuracy: 0.69461
Confusion Matrix: 
13	12
90	219
Predictions: 
-1
1
1
1
1
-1
1
1
1
1
1
1
1
1
-1
1
1
1
1
1
1
1
1
1
1
1
1
1
1
1
1
1
1
1
1
1
1
1
1
1
1
1
1
1
1
1
1
1
1
1
1
1
1
-1
1
1
1
1
1
1
1
1
1
1
1
1
1
1
1
1
1
1
1
1
1
1
1
-1
1
1
1
1
1
1
-1
1
1
1
1
1
1
1
1
1
1
1
1
1
1
1
1
1
1
1
1
1
1
1
1
1
1
1
1
1
1
1
1
1
1
1
1
1
1
1
1
1
1
1
1
1
1
1
1
1
1
1
1
1
-1
1
1
1
1
1
1
1
1
1
1
1
1
1
1
1
1
1
1
1
1
1
1
1
1
1
1
1
1
1
1
1
1
1
1
1
-1
-1
1
1
1
1
-1
1
1
1
1
1
1
1
1
1
-1
1
1
1
1
1
1
-1
1
1
1
1
1
1
1
1
1
1
1
1
1
1
1
1
1
-1
1
1
-1
1
-1
1
1
1
1
1
1
1
1
1
1
1
1
1
1
1
1
1
1
1
1
-1
1
1
1
-1
1
1
1
1
1
1
1
1
1
1
-1
1
1
1
1
-1
-1
1
1
1
1
1
1
1
1
1
1
1
1
-1
1
1
1
1
1
1
1
1
1
1
1
1
1
1
1
1
1
1
1
1
1
1
1
1
1
1
1
-1
1
1
-1
1
1
1
1
1
1
1
-1
1
1
1
1
1
1
1
-1
1
1
1
1
1
1
1
1
1
1
1
