Model:
predict "Class = +1" if score > 1
score =	2 * x3
Accuracy: 0.61976
Confusion Matrix: 
68	92
35	139
Predictions: 
-1
-1
1
-1
1
-1
-1
-1
-1
-1
-1
-1
1
1
1
-1
1
-1
1
-1
1
-1
1
1
1
1
-1
-1
-1
-1
1
-1
1
-1
1
1
-1
1
1
-1
1
-1
1
-1
-1
1
-1
-1
1
1
-1
-1
-1
-1
1
1
-1
1
1
1
1
1
1
-1
-1
1
1
-1
1
1
1
-1
-1
-1
1
1
1
1
-1
-1
1
1
1
1
-1
1
1
-1
1
1
1
1
-1
1
-1
1
-1
-1
1
1
-1
1
1
1
1
-1
-1
1
-1
-1
-1
1
1
1
1
1
1
1
1
1
1
1
-1
1
1
1
1
1
1
1
1
1
-1
-1
1
-1
1
-1
-1
1
-1
1
-1
-1
-1
1
1
-1
-1
1
-1
-1
1
-1
1
-1
-1
1
-1
-1
1
1
1
-1
-1
-1
1
-1
-1
1
1
1
1
1
1
1
-1
-1
-1
1
-1
1
-1
-1
-1
-1
1
-1
-1
-1
-1
-1
-1
1
-1
-1
1
-1
-1
1
-1
-1
1
1
-1
1
1
-1
-1
1
-1
-1
1
1
-1
-1
1
-1
-1
1
-1
-1
1
-1
1
1
1
1
1
1
-1
1
-1
1
-1
-1
1
-1
-1
1
1
-1
1
1
1
-1
-1
-1
1
-1
1
-1
-1
1
-1
1
1
1
-1
1
-1
-1
-1
-1
-1
1
-1
1
1
-1
-1
-1
1
1
1
1
1
-1
-1
1
1
-1
1
-1
1
1
1
-1
1
1
-1
1
-1
-1
-1
-1
-1
-1
1
1
1
-1
-1
1
-1
1
-1
1
1
1
-1
-1
1
1
1
-1
1
1
-1
1
-1
-1
-1
1
-1
-1
1
-1
1
1
-1
-1
1
1
