Model:
predict "Class = +1" if score > 1
score =	2 * x3
Accuracy: 0.58683
Confusion Matrix: 
75	110
28	121
Predictions: 
-1
-1
1
-1
1
-1
-1
-1
-1
-1
-1
-1
1
-1
-1
-1
1
1
-1
-1
1
-1
1
1
1
1
1
-1
-1
-1
1
-1
1
-1
1
1
-1
1
1
1
1
-1
1
-1
-1
1
-1
-1
1
1
-1
-1
-1
-1
1
-1
-1
1
-1
1
1
1
1
1
-1
1
1
-1
1
1
1
-1
-1
-1
1
1
-1
-1
-1
-1
-1
-1
1
-1
-1
1
1
-1
1
1
1
1
-1
1
-1
1
-1
-1
1
-1
-1
1
1
-1
1
-1
-1
-1
-1
-1
-1
-1
1
-1
1
-1
-1
1
-1
-1
-1
1
1
1
1
1
-1
-1
-1
1
1
1
-1
-1
1
1
1
-1
-1
1
1
1
-1
-1
1
1
1
-1
-1
1
-1
-1
1
-1
1
-1
-1
1
-1
-1
-1
1
1
-1
-1
-1
1
-1
-1
1
-1
1
1
1
-1
-1
-1
-1
-1
1
-1
1
-1
-1
-1
-1
1
-1
-1
-1
-1
-1
-1
-1
-1
-1
1
-1
-1
1
-1
-1
1
1
-1
1
1
-1
-1
1
-1
-1
1
1
-1
-1
-1
-1
-1
1
-1
-1
-1
-1
1
-1
1
-1
1
1
-1
1
-1
1
-1
1
1
-1
1
1
1
-1
1
-1
1
-1
-1
-1
1
-1
1
1
-1
-1
1
1
-1
1
-1
1
-1
-1
-1
-1
1
1
-1
-1
1
-1
-1
-1
1
1
1
-1
1
-1
1
-1
1
-1
-1
-1
1
1
-1
-1
1
1
1
1
-1
1
1
-1
-1
-1
1
1
-1
-1
-1
-1
1
1
-1
1
1
-1
-1
-1
-1
1
1
-1
1
-1
-1
1
-1
1
-1
1
-1
1
1
-1
1
1
-1
-1
1
1
