Model:
predict "Class = +1" if score > 1
score =	2 * x3
Accuracy: 0.55389
Confusion Matrix: 
83	129
20	102
Predictions: 
-1
-1
1
-1
1
-1
-1
-1
-1
-1
-1
-1
1
-1
-1
-1
1
-1
1
-1
1
-1
1
1
1
1
-1
-1
-1
-1
1
-1
1
-1
1
1
-1
1
1
-1
1
-1
1
-1
-1
-1
-1
-1
1
-1
-1
-1
-1
-1
1
-1
-1
1
1
1
1
-1
1
-1
-1
1
1
-1
1
1
-1
-1
-1
-1
-1
1
-1
-1
-1
-1
-1
1
1
-1
-1
-1
1
-1
1
-1
1
1
-1
1
-1
1
-1
-1
-1
-1
-1
1
-1
1
1
-1
-1
-1
-1
-1
-1
-1
1
-1
1
-1
1
1
-1
-1
-1
1
-1
1
1
-1
-1
1
-1
-1
-1
-1
-1
-1
1
-1
-1
-1
-1
-1
-1
1
-1
-1
-1
1
-1
-1
-1
1
-1
-1
1
-1
1
-1
-1
-1
-1
-1
1
1
1
-1
-1
-1
1
-1
-1
1
1
1
1
1
-1
-1
-1
-1
-1
1
-1
1
-1
-1
-1
-1
1
-1
-1
-1
-1
-1
-1
-1
-1
-1
-1
-1
-1
1
-1
1
1
-1
-1
1
1
-1
-1
1
-1
-1
1
1
-1
-1
1
-1
-1
1
-1
-1
-1
-1
-1
-1
1
1
1
1
-1
1
-1
1
-1
-1
1
-1
-1
1
-1
-1
1
-1
1
-1
-1
-1
-1
-1
1
1
-1
-1
1
1
-1
1
-1
1
-1
-1
-1
-1
1
-1
-1
-1
1
-1
-1
-1
-1
1
1
-1
1
-1
1
1
1
-1
-1
-1
1
1
1
-1
1
1
1
1
-1
-1
-1
-1
-1
-1
-1
1
-1
-1
-1
-1
-1
1
-1
1
-1
-1
-1
-1
1
1
-1
-1
1
-1
-1
1
-1
-1
-1
1
-1
1
1
-1
1
1
-1
-1
1
1
