Model:
predict "Class = +1" if score > 1
score =	2 * x3
Accuracy: 0.58683
Confusion Matrix: 
68	103
35	128
Predictions: 
-1
-1
1
-1
-1
-1
-1
-1
-1
-1
-1
-1
1
-1
-1
-1
1
-1
1
-1
1
-1
1
1
1
1
-1
-1
-1
1
1
-1
1
-1
1
1
-1
1
1
-1
1
-1
1
-1
-1
-1
-1
-1
1
1
-1
-1
-1
-1
1
-1
-1
1
1
1
1
1
1
-1
-1
1
1
-1
1
1
1
-1
-1
-1
1
1
1
-1
-1
1
-1
1
1
1
1
1
1
-1
1
1
-1
1
-1
1
-1
1
-1
1
1
-1
-1
1
1
-1
1
-1
-1
-1
-1
-1
-1
1
1
-1
1
-1
1
1
-1
-1
-1
1
-1
1
-1
1
-1
1
-1
1
1
1
-1
-1
1
-1
1
-1
1
1
-1
1
-1
1
-1
1
1
-1
-1
1
-1
-1
1
-1
1
1
-1
1
1
-1
1
1
1
-1
-1
-1
1
-1
-1
1
1
1
1
1
-1
-1
-1
-1
1
1
-1
1
-1
-1
-1
-1
1
-1
1
1
-1
-1
-1
1
1
-1
1
-1
-1
1
-1
-1
1
1
-1
1
1
-1
-1
1
-1
1
1
1
-1
-1
1
-1
1
1
-1
-1
-1
-1
1
1
1
1
1
1
1
1
-1
1
-1
1
1
-1
-1
1
1
-1
1
1
-1
1
-1
-1
-1
-1
1
1
-1
-1
1
-1
-1
1
-1
1
-1
-1
-1
-1
-1
-1
-1
1
1
-1
-1
-1
1
1
1
1
1
-1
1
1
1
-1
-1
-1
1
1
1
-1
-1
1
1
1
-1
-1
-1
-1
-1
-1
-1
1
1
-1
-1
-1
-1
1
-1
1
1
1
-1
-1
1
1
-1
-1
1
1
-1
1
-1
-1
-1
1
-1
-1
1
-1
1
1
1
-1
1
1
