Model:
predict "Class = +1" if score > 1
score =	2 * x3
Accuracy: 0.61078
Confusion Matrix: 
78	105
25	126
Predictions: 
-1
-1
1
-1
1
-1
-1
1
-1
-1
-1
-1
1
-1
-1
-1
1
-1
1
-1
1
-1
1
1
1
1
-1
-1
-1
-1
1
-1
1
-1
1
1
-1
1
1
-1
1
-1
1
-1
-1
-1
-1
-1
1
1
-1
-1
-1
-1
1
-1
-1
1
1
1
1
1
1
-1
-1
1
1
-1
1
1
1
-1
-1
-1
1
1
1
-1
-1
-1
-1
1
1
-1
-1
1
1
-1
1
1
1
1
-1
1
-1
1
-1
-1
1
-1
-1
1
1
-1
1
-1
-1
-1
-1
-1
-1
-1
1
-1
1
-1
1
1
-1
-1
-1
1
-1
1
1
1
-1
1
-1
1
1
1
-1
-1
1
-1
1
-1
1
1
-1
1
-1
-1
-1
1
1
-1
-1
1
-1
-1
1
-1
1
-1
-1
1
-1
-1
1
1
1
-1
-1
-1
1
-1
-1
1
1
1
1
1
-1
-1
-1
1
-1
1
-1
1
-1
-1
-1
-1
1
-1
-1
-1
-1
-1
-1
1
-1
-1
1
-1
-1
1
-1
-1
1
1
-1
1
1
-1
-1
1
-1
-1
1
1
-1
-1
1
-1
-1
1
-1
-1
-1
-1
1
1
1
1
1
1
-1
1
-1
1
-1
1
1
-1
1
1
1
-1
1
-1
1
-1
-1
-1
-1
-1
1
1
-1
-1
1
1
-1
1
-1
1
-1
-1
-1
-1
-1
1
-1
-1
1
-1
-1
-1
1
1
1
-1
1
-1
1
1
1
-1
-1
-1
1
1
1
-1
1
1
1
1
-1
-1
-1
-1
-1
-1
-1
1
1
-1
-1
-1
-1
1
-1
1
1
-1
-1
-1
1
1
-1
-1
1
-1
-1
1
-1
-1
-1
1
1
-1
1
-1
1
1
-1
-1
1
1
