Model:
predict "Class = +1" if score > 1
score =	2 * x3
Accuracy: 0.46407
Confusion Matrix: 
81	157
22	74
Predictions: 
1
-1
1
-1
-1
-1
-1
1
1
-1
-1
-1
1
1
-1
-1
-1
-1
-1
-1
-1
-1
1
-1
-1
-1
-1
-1
1
-1
-1
-1
-1
-1
1
1
-1
1
-1
-1
1
1
-1
1
-1
-1
-1
1
-1
1
-1
1
-1
-1
-1
1
1
1
-1
-1
-1
-1
1
-1
1
-1
-1
1
-1
-1
-1
1
1
-1
-1
1
1
1
-1
1
-1
-1
1
-1
-1
-1
-1
1
1
-1
1
-1
-1
-1
1
-1
1
1
-1
-1
-1
1
-1
1
-1
-1
-1
-1
1
-1
-1
1
1
-1
-1
-1
-1
-1
1
1
-1
-1
-1
-1
1
-1
-1
-1
-1
-1
1
1
-1
-1
1
1
1
-1
1
-1
-1
-1
-1
1
1
-1
-1
-1
-1
-1
-1
1
-1
-1
-1
-1
-1
-1
-1
-1
-1
-1
1
-1
-1
-1
-1
-1
1
-1
1
-1
-1
-1
1
-1
1
-1
-1
1
-1
-1
-1
-1
-1
-1
-1
1
-1
-1
-1
-1
-1
-1
-1
1
-1
-1
-1
1
-1
-1
1
1
-1
-1
-1
1
-1
-1
-1
-1
-1
-1
-1
-1
1
-1
1
-1
1
-1
1
-1
1
-1
1
-1
-1
-1
-1
1
1
-1
1
-1
-1
-1
1
-1
-1
1
-1
-1
-1
-1
-1
-1
-1
-1
-1
-1
-1
-1
-1
1
-1
-1
-1
-1
-1
1
-1
-1
-1
1
-1
-1
-1
-1
-1
-1
-1
-1
-1
1
-1
-1
1
-1
1
-1
-1
-1
-1
-1
-1
1
-1
1
-1
-1
1
-1
-1
-1
-1
-1
-1
-1
1
-1
1
1
1
-1
-1
-1
-1
-1
1
1
1
1
-1
1
-1
-1
-1
-1
-1
-1
-1
1
-1
-1
1
-1
-1
-1
-1
-1
-1
-1
