Model:
predict "Class = +1" if score > 1
score =	2 * x3
Accuracy: 0.5988
Confusion Matrix: 
75	106
28	125
Predictions: 
-1
-1
1
-1
1
-1
-1
-1
-1
-1
-1
-1
1
-1
-1
-1
1
-1
1
-1
1
-1
-1
1
1
1
-1
-1
-1
-1
-1
-1
1
-1
-1
1
1
1
1
-1
1
-1
1
-1
-1
-1
-1
-1
1
1
-1
-1
-1
-1
1
-1
-1
1
1
1
1
1
1
-1
-1
1
1
-1
1
1
1
1
-1
-1
1
1
1
1
-1
-1
-1
1
1
-1
-1
1
1
-1
1
1
1
1
-1
1
-1
1
-1
-1
1
-1
1
1
1
-1
1
-1
-1
-1
-1
-1
-1
-1
1
1
1
-1
1
1
-1
-1
-1
1
-1
1
1
1
-1
1
-1
1
1
1
1
-1
1
-1
1
-1
-1
1
-1
1
1
-1
-1
1
1
1
1
1
-1
-1
1
-1
1
-1
1
1
-1
-1
1
1
1
-1
-1
-1
1
-1
-1
1
1
1
1
1
-1
-1
-1
-1
-1
1
-1
-1
-1
-1
-1
-1
1
-1
-1
-1
-1
-1
-1
1
-1
-1
1
-1
-1
1
-1
-1
1
1
-1
1
1
-1
1
1
-1
-1
1
-1
-1
-1
1
-1
-1
1
-1
-1
-1
-1
1
1
-1
-1
1
1
-1
1
-1
1
-1
1
1
-1
-1
1
1
-1
1
-1
1
-1
-1
-1
1
-1
1
1
-1
-1
1
-1
-1
1
-1
1
-1
1
-1
-1
-1
1
-1
-1
1
-1
-1
-1
1
1
1
-1
1
-1
1
1
-1
-1
-1
-1
1
1
1
-1
1
1
1
1
-1
-1
-1
-1
-1
-1
-1
1
1
-1
-1
-1
1
1
-1
1
1
-1
1
-1
1
1
-1
-1
1
-1
1
1
-1
-1
-1
1
-1
-1
1
-1
1
1
-1
-1
1
1
