Model:
predict "Class = +1" if score > 1
score =	2 * x3
Accuracy: 0.55988
Confusion Matrix: 
77	121
26	110
Predictions: 
-1
-1
1
1
1
1
-1
-1
-1
-1
-1
1
1
-1
-1
-1
1
-1
1
-1
1
-1
1
1
1
1
-1
-1
-1
-1
-1
-1
1
-1
1
1
-1
1
1
-1
1
-1
1
-1
-1
-1
-1
-1
1
-1
-1
-1
1
-1
1
-1
-1
1
1
1
1
1
1
-1
-1
1
1
-1
1
-1
1
-1
-1
-1
1
1
1
-1
1
-1
-1
1
1
-1
-1
1
1
-1
1
1
-1
1
-1
1
-1
1
-1
-1
1
-1
-1
1
1
-1
1
-1
-1
-1
-1
-1
-1
-1
1
-1
-1
-1
1
1
-1
-1
-1
1
-1
1
-1
1
-1
1
-1
1
1
1
-1
-1
1
-1
1
-1
-1
1
-1
-1
-1
-1
-1
1
1
-1
-1
1
-1
-1
-1
1
1
-1
-1
-1
-1
-1
1
-1
1
-1
-1
-1
1
-1
1
-1
1
1
1
1
-1
-1
-1
-1
-1
1
-1
1
-1
-1
-1
-1
1
-1
-1
-1
-1
1
-1
1
-1
-1
-1
-1
-1
1
-1
-1
-1
1
-1
1
1
-1
-1
1
-1
-1
1
1
-1
-1
1
-1
-1
1
-1
-1
-1
-1
1
1
1
1
1
1
-1
1
-1
-1
-1
1
1
-1
-1
1
1
-1
1
-1
1
-1
-1
-1
-1
-1
1
1
-1
-1
1
1
-1
1
-1
1
-1
-1
1
-1
-1
-1
-1
-1
1
-1
-1
1
-1
1
1
-1
-1
-1
1
1
-1
-1
-1
-1
-1
1
-1
-1
1
1
-1
1
-1
-1
-1
-1
-1
-1
-1
1
1
-1
-1
-1
1
1
-1
1
1
-1
-1
-1
1
1
-1
-1
1
-1
-1
1
-1
-1
-1
1
-1
-1
1
-1
1
1
-1
-1
1
1
