Model:
predict "Class = +1" if score > 1
score =	2 * x3
Accuracy: 0.5509
Confusion Matrix: 
85	132
18	99
Predictions: 
-1
-1
1
-1
-1
-1
-1
-1
-1
-1
-1
-1
1
-1
-1
-1
1
-1
1
-1
1
-1
1
1
1
1
-1
-1
-1
-1
1
-1
1
-1
1
1
-1
1
1
-1
1
-1
1
-1
-1
-1
-1
-1
1
-1
-1
-1
-1
-1
1
-1
-1
-1
1
1
1
1
-1
-1
-1
1
1
-1
1
-1
1
-1
-1
-1
-1
-1
1
-1
-1
-1
-1
1
1
-1
-1
-1
1
-1
-1
1
1
1
-1
-1
-1
1
-1
-1
-1
-1
-1
1
1
-1
-1
-1
-1
-1
-1
-1
-1
-1
1
-1
-1
-1
1
1
-1
-1
-1
-1
-1
1
1
1
-1
1
-1
-1
1
1
-1
-1
1
-1
1
-1
-1
1
-1
1
-1
-1
-1
1
1
-1
-1
1
-1
-1
-1
-1
1
-1
-1
1
-1
-1
1
-1
1
-1
-1
-1
1
-1
-1
1
1
1
1
1
-1
-1
-1
-1
-1
-1
-1
1
-1
-1
1
-1
-1
-1
-1
-1
-1
-1
-1
-1
-1
-1
1
-1
-1
1
-1
-1
1
1
-1
1
-1
-1
-1
1
-1
-1
1
1
-1
-1
-1
-1
-1
1
-1
-1
-1
-1
1
1
1
1
1
1
-1
1
-1
1
-1
1
1
-1
-1
1
1
-1
-1
-1
-1
-1
-1
-1
-1
-1
1
1
-1
-1
1
1
-1
-1
-1
1
-1
-1
-1
-1
1
1
-1
-1
1
-1
-1
-1
-1
1
1
-1
-1
-1
1
1
1
-1
-1
-1
1
-1
1
-1
-1
1
-1
1
-1
-1
-1
-1
-1
-1
-1
1
1
-1
-1
-1
-1
1
-1
1
1
-1
-1
-1
1
1
-1
-1
1
-1
-1
-1
-1
-1
-1
1
-1
1
1
-1
1
-1
-1
-1
1
1
