Model:
predict "Class = +1" if score > 1
score =	2 * x3
Accuracy: 0.57485
Confusion Matrix: 
77	116
26	115
Predictions: 
-1
-1
1
-1
1
-1
-1
-1
-1
-1
-1
1
1
-1
-1
-1
1
-1
1
-1
1
-1
1
1
1
1
-1
-1
1
-1
1
-1
1
-1
1
1
-1
1
1
-1
1
-1
1
-1
-1
-1
-1
-1
1
1
-1
-1
-1
-1
1
-1
-1
1
1
1
-1
1
1
-1
-1
1
1
-1
1
1
1
-1
-1
-1
1
1
1
-1
-1
-1
-1
1
1
-1
-1
1
-1
-1
1
1
1
1
-1
1
-1
1
1
-1
1
-1
-1
1
1
-1
1
-1
-1
-1
-1
-1
-1
1
-1
-1
1
-1
1
1
-1
-1
-1
1
-1
1
1
1
-1
1
-1
1
1
1
-1
-1
1
-1
1
-1
-1
1
-1
-1
-1
-1
-1
1
1
-1
-1
-1
-1
-1
-1
-1
1
-1
-1
1
-1
-1
1
1
-1
-1
-1
-1
1
-1
-1
1
1
1
1
1
-1
-1
-1
-1
-1
1
-1
1
-1
-1
-1
-1
1
-1
-1
-1
-1
-1
-1
1
-1
-1
1
-1
-1
1
-1
-1
1
1
-1
1
1
-1
-1
1
-1
-1
1
1
-1
-1
1
-1
-1
1
-1
-1
-1
-1
1
1
1
1
1
1
-1
1
-1
1
-1
1
1
-1
-1
1
1
-1
1
-1
1
-1
-1
-1
-1
-1
-1
1
-1
-1
1
1
-1
1
-1
1
-1
-1
-1
-1
-1
-1
-1
-1
1
-1
-1
-1
1
1
1
-1
1
-1
1
1
1
-1
-1
-1
1
1
1
-1
1
1
1
1
-1
-1
-1
-1
1
-1
-1
1
1
-1
-1
-1
1
-1
-1
1
1
-1
-1
-1
1
1
-1
-1
1
-1
-1
1
-1
-1
-1
1
-1
-1
1
-1
-1
1
-1
-1
1
1
