Model:
predict "Class = +1" if score > 1
score =	2 * x3
Accuracy: 0.60778
Confusion Matrix: 
78	106
25	125
Predictions: 
-1
-1
1
-1
1
-1
-1
-1
-1
-1
-1
-1
1
-1
-1
-1
1
-1
1
-1
1
-1
1
1
1
1
-1
-1
-1
-1
1
-1
1
-1
1
1
-1
1
1
-1
1
-1
1
-1
-1
-1
-1
-1
1
1
-1
-1
-1
-1
1
1
-1
1
1
1
1
1
1
-1
-1
1
1
-1
1
-1
1
-1
-1
-1
1
1
1
-1
-1
-1
-1
1
1
-1
-1
1
-1
-1
1
1
1
1
-1
1
-1
1
-1
-1
1
-1
-1
1
1
-1
1
-1
-1
-1
-1
1
-1
-1
1
-1
1
-1
1
1
-1
-1
-1
1
-1
1
1
1
1
1
-1
1
1
1
-1
-1
1
-1
1
-1
-1
1
-1
1
-1
-1
-1
1
1
-1
-1
1
-1
-1
1
-1
1
-1
-1
1
-1
-1
1
1
1
-1
-1
-1
1
-1
-1
1
1
1
1
1
-1
-1
-1
-1
-1
1
-1
1
1
-1
-1
-1
1
-1
-1
-1
-1
-1
-1
1
-1
-1
1
-1
-1
1
-1
-1
1
1
-1
1
1
-1
-1
1
-1
-1
1
1
-1
-1
1
-1
-1
1
-1
-1
-1
-1
1
1
1
1
1
1
1
1
-1
1
-1
1
1
-1
-1
1
1
-1
1
-1
1
-1
-1
-1
-1
-1
1
1
-1
-1
1
1
-1
1
-1
1
-1
-1
-1
-1
-1
1
-1
1
1
-1
-1
-1
1
1
1
-1
1
-1
1
1
1
-1
-1
-1
1
-1
1
-1
1
1
1
1
-1
-1
-1
-1
-1
-1
-1
1
1
-1
-1
-1
-1
1
1
1
1
-1
-1
-1
1
1
-1
-1
1
-1
-1
1
-1
-1
-1
1
-1
-1
1
-1
1
1
-1
-1
1
1
