Model:
predict "Class = +1" if score > 1
score =	2 * x3
Accuracy: 0.53593
Confusion Matrix: 
85	137
18	94
Predictions: 
-1
-1
1
-1
1
-1
-1
-1
1
-1
-1
-1
1
-1
-1
-1
1
-1
-1
-1
-1
-1
1
1
1
-1
-1
-1
-1
-1
1
-1
-1
-1
1
1
-1
1
1
-1
-1
-1
-1
-1
-1
-1
-1
-1
-1
-1
-1
-1
-1
-1
1
-1
-1
1
1
-1
1
1
1
-1
-1
1
1
-1
-1
-1
1
-1
-1
-1
1
1
-1
-1
-1
-1
-1
1
-1
-1
-1
1
1
-1
1
-1
1
-1
-1
-1
-1
1
-1
-1
1
-1
-1
1
-1
1
1
-1
-1
-1
-1
-1
-1
-1
1
-1
1
-1
1
1
-1
-1
-1
1
-1
-1
1
1
-1
1
-1
1
1
1
-1
-1
1
-1
1
-1
-1
-1
-1
-1
-1
-1
-1
1
1
-1
-1
1
-1
-1
1
-1
1
-1
-1
1
-1
-1
1
1
1
-1
-1
-1
1
-1
-1
1
1
1
1
1
-1
-1
-1
-1
-1
1
-1
1
-1
-1
-1
-1
1
-1
-1
-1
-1
-1
-1
1
-1
-1
1
-1
-1
1
-1
1
-1
1
-1
1
1
-1
-1
-1
-1
-1
1
-1
-1
-1
1
-1
-1
-1
-1
-1
-1
-1
1
1
1
-1
1
1
-1
-1
-1
1
-1
1
-1
-1
-1
1
1
-1
1
-1
1
-1
-1
-1
-1
-1
1
1
-1
-1
1
1
-1
1
-1
-1
-1
-1
-1
-1
1
1
-1
-1
-1
-1
-1
-1
-1
1
1
-1
1
-1
1
1
-1
-1
-1
-1
1
1
1
-1
1
-1
-1
-1
-1
-1
-1
-1
-1
-1
-1
-1
1
-1
-1
-1
-1
-1
-1
1
1
-1
-1
-1
1
1
-1
-1
1
-1
-1
1
-1
-1
-1
1
-1
1
-1
-1
-1
-1
-1
-1
1
1
