Model:
predict "Class = +1" if score > 1
score =	2 * x3
Accuracy: 0.63174
Confusion Matrix: 
77	97
26	134
Predictions: 
-1
-1
1
1
1
-1
-1
-1
-1
-1
-1
-1
1
1
-1
-1
1
-1
1
-1
1
1
1
1
1
1
-1
-1
-1
-1
1
-1
1
-1
1
1
-1
1
1
-1
1
-1
1
-1
-1
-1
-1
-1
1
1
-1
-1
-1
-1
1
-1
1
1
1
1
1
1
1
-1
-1
1
1
-1
1
1
1
-1
-1
-1
1
1
1
-1
-1
-1
-1
1
1
-1
-1
1
-1
1
1
1
1
1
-1
1
-1
1
-1
-1
1
1
-1
1
1
-1
1
-1
-1
-1
-1
-1
-1
-1
1
-1
1
-1
1
-1
-1
-1
-1
1
-1
1
1
1
-1
1
-1
1
1
1
-1
-1
1
-1
1
-1
-1
1
-1
1
-1
-1
-1
-1
1
-1
-1
1
-1
-1
1
-1
1
-1
-1
1
1
-1
1
1
1
-1
1
-1
1
-1
-1
1
1
1
1
1
1
-1
-1
-1
-1
1
-1
1
-1
-1
-1
-1
1
-1
-1
1
1
-1
-1
1
-1
-1
1
-1
-1
1
-1
-1
1
1
-1
1
1
-1
-1
1
1
-1
1
1
-1
1
1
-1
-1
1
-1
-1
-1
-1
1
1
1
1
1
1
-1
1
1
1
-1
1
1
-1
-1
1
1
-1
1
1
1
-1
-1
-1
-1
-1
1
1
-1
-1
1
1
-1
1
-1
1
-1
-1
-1
-1
-1
1
-1
-1
1
-1
-1
1
1
1
1
-1
1
-1
1
-1
1
-1
1
-1
1
1
1
-1
1
1
1
1
-1
-1
-1
-1
-1
-1
-1
1
1
-1
-1
-1
-1
1
1
1
1
-1
-1
-1
1
1
-1
-1
1
-1
-1
1
-1
-1
-1
1
-1
-1
1
-1
1
1
-1
-1
1
1
