Model:
predict "Class = +1" if score > 1
score =	2 * x3
Accuracy: 0.55389
Confusion Matrix: 
82	128
21	103
Predictions: 
-1
-1
1
-1
1
-1
-1
-1
-1
-1
-1
-1
1
-1
-1
-1
1
-1
1
-1
1
-1
1
1
1
1
-1
-1
-1
-1
1
-1
1
-1
1
1
-1
1
1
-1
1
-1
1
-1
-1
-1
-1
-1
1
1
-1
-1
-1
-1
1
-1
-1
1
-1
1
1
1
-1
-1
-1
1
1
-1
1
1
1
-1
-1
-1
-1
1
1
-1
-1
-1
-1
1
1
-1
-1
1
-1
-1
1
1
-1
1
-1
1
-1
1
-1
-1
1
-1
-1
1
1
-1
1
-1
-1
-1
-1
-1
-1
-1
1
-1
1
-1
1
1
-1
-1
-1
1
-1
1
-1
-1
-1
1
-1
-1
1
1
-1
-1
1
-1
-1
-1
-1
1
-1
1
-1
-1
-1
1
1
-1
-1
1
-1
-1
-1
-1
1
-1
-1
1
-1
-1
1
1
1
-1
-1
-1
1
-1
-1
1
-1
-1
1
1
-1
-1
-1
-1
-1
1
-1
1
-1
-1
-1
-1
1
-1
-1
-1
-1
-1
-1
1
-1
-1
1
-1
-1
1
-1
-1
1
1
-1
1
1
-1
-1
1
-1
-1
1
1
-1
-1
1
-1
-1
1
-1
-1
-1
-1
1
1
1
-1
1
1
-1
-1
-1
1
-1
1
-1
-1
-1
1
1
-1
-1
-1
1
-1
-1
-1
-1
-1
1
1
-1
-1
1
1
-1
1
-1
1
-1
-1
-1
-1
-1
1
-1
-1
1
-1
-1
-1
1
-1
-1
-1
1
-1
-1
-1
1
-1
-1
-1
1
1
1
-1
1
1
1
1
-1
-1
-1
-1
1
-1
-1
1
1
-1
-1
-1
-1
-1
-1
-1
1
-1
-1
-1
1
1
-1
-1
1
-1
-1
-1
1
-1
-1
1
-1
-1
-1
-1
1
1
-1
-1
1
1
