method=CV2NB-beta=1.0


Mutual	information:
0.0215705922341



456.0	293.0	333.0	2174.0	749.0	2507.0	789.0	2467.0	3256.0	0.80773955774	0.00690618879513	0.421441774492	0.776428571429	0.592977893368	0.874145556896	0.00041586802352	0.000420880366622	0.000599970735197	0.000607202017733	0.0981674201569	0.182020436468	0.177280213006	0.179650324737	0.179634689714	0.141625650237	0.182020436468	0.177280213006	0.179650324737	0.179634689714	0.577946768061	0.608811748999	0.592977893368	104.0	23.0	175.0	812.0	352.0	270.0	158.0	1362.0	0.0215705922341	0.0399958418695	0.0335758765801	0.0367858592248	0.0366455379321	9.32126149606e-05	0.000168332347012	0.000145090835785	0.000156711591398	0.00015628013603	0.0247332756479	0.0290892089487	0.115482892071	0.0816587360943	0.17637922913	-0.0123535949389
method=LR-reg=1


Mutual	information:
0.0247622087822



2289.0	1557.0	873.0	11562.0	3846.0	12435.0	3162.0	13119.0	16281.0	0.850746268657	0.00279268586571	0.485060394151	0.826329331046	0.653253424658	0.904907255224	0.00536253639411	0.00511426283692	0.00773650466238	0.00737832163262	0.138713683185	0.253733315619	0.281780250983	0.267756783301	0.267389299259	0.200121542834	0.253733315619	0.281780250983	0.267756783301	0.267389299259	0.723908918406	0.595163806552	0.653253424658	273.0	317.0	97.0	4734.0	2016.0	1240.0	776.0	6828.0	0.0247622087822	0.0452947192528	0.0389184772324	0.0421065982426	0.0419857297184	0.0291314096575	0.0591769732902	0.0457854997298	0.05248123651	0.0520523514799	0.00677816551512	0.00619847747107	0.0568900073929	0.0402273100093	0.190979829821	0.188837149575
method=LRns-reg=1


Mutual	information:
0.0247622087822



2284.0	1562.0	876.0	11559.0	3846.0	12435.0	3160.0	13121.0	16281.0	0.850254898348	0.00279647116535	0.483693350275	0.825819818533	0.652012560662	0.904601659102	0.0053955704804	0.00514494497387	0.00778416277484	0.00742258659946	0.137945617484	0.25232837955	0.280319575047	0.266323977298	0.26595598156	0.199013458256	0.25232837955	0.280319575047	0.266323977298	0.26595598156	0.722784810127	0.59386375455	0.652012560662	283.0	307.0	104.0	4727.0	2001.0	1255.0	772.0	6832.0	0.0247622087822	0.0452947192528	0.0389184772324	0.0421065982426	0.0419857297184	0.0274964076342	0.055875506913	0.0432157859542	0.0495456464336	0.0491396372273	0.00641763945117	0.00594403192758	0.0555417829418	0.0392739713573	0.190979829821	0.183951657204
method=NB-beta=1.0


Mutual	information:
0.0247622087822



2847.0	999.0	1907.0	10528.0	3846.0	12435.0	4754.0	11527.0	16281.0	0.821509735274	0.00300104899585	0.49487224057	0.783683191901	0.662093023256	0.878724647358	0.00784278819648	0.00820661454183	0.0113147516378	0.011839642102	0.141351892629	0.258559094983	0.234053468103	0.246306281543	0.246001327009	0.203927674517	0.258559094983	0.234053468103	0.246306281543	0.246001327009	0.59886411443	0.740249609984	0.662093023256	274.0	316.0	110.0	4721.0	2573.0	683.0	1797.0	5807.0	0.0247622087822	0.0452947192528	0.0389184772324	0.0421065982426	0.0419857297184	0.0691971245669	0.114578069571	0.108756320597	0.111667195084	0.111629249158	0.0183100629687	0.0186259552628	0.0960121163654	0.067890818558	0.190979829821	0.331558467633
method=NBns-beta=1.0


Mutual	information:
0.0247622087822



2793.0	1053.0	1772.0	10663.0	3846.0	12435.0	4565.0	11716.0	16281.0	0.826484859652	0.00296787496814	0.497152011392	0.790554567023	0.664130305552	0.883027617904	0.0050044855023	0.00519446458722	0.00721994641636	0.00749402830006	0.141908085764	0.259576476434	0.239176480225	0.249376478329	0.249167790821	0.204730091594	0.259576476434	0.239176480225	0.249376478329	0.249167790821	0.611829134721	0.726209048362	0.664130305552	331.0	259.0	224.0	4607.0	2462.0	794.0	1548.0	6056.0	0.0247622087822	0.0452947192528	0.0389184772324	0.0421065982426	0.0419857297184	0.0440700818512	0.0742771421629	0.0692644380897	0.0717707901263	0.0717270138429	0.00719014681698	0.00743930504579	0.0604558386159	0.0427487334476	0.190979829821	0.26686530079
method=PR4-reg=1-eta=20.0-ltype=4-itype=3-try=1


Mutual	information:
0.0247622087822



599.0	3247.0	87.0	12348.0	3846.0	12435.0	686.0	15595.0	16281.0	0.795221423745	0.00316261085552	0.152301042461	0.787399566382	0.264342453663	0.881056011416	0.234287834679	0.144257412239	0.338005897232	0.208119453249	0.040649599797	0.0743557340437	0.232721024061	0.153538379052	0.131545211131	0.0586449760413	0.0743557340437	0.232721024061	0.153538379052	0.131545211131	0.873177842566	0.155746229849	0.264342453663	52.0	538.0	8.0	4823.0	547.0	2709.0	79.0	7525.0	0.0247622087822	0.0452947192528	0.0389184772324	0.0421065982426	0.0419857297184	0.00737319919399	0.0422119399847	0.0115883719213	0.026900155953	0.0221171349877	0.2429733048	0.149169086286	0.304450559415	0.215279055098	0.190979829821	0.0465746569765
method=PR4-reg=1-eta=30.0-ltype=4-itype=3-try=1


Mutual	information:
0.0247622087822



41.0	3805.0	2.0	12433.0	3846.0	12435.0	43.0	16238.0	16281.0	0.766169154229	0.00331720792156	0.0106548856549	0.765578817734	0.0210851118539	0.867227007987	0.857699059733	0.254266257677	1.23739818005	0.366828669016	0.00318004596893	0.00581689988323	0.173614106955	0.0897155034191	0.0317788589863	0.00458783654917	0.00581689988323	0.173614106955	0.0897155034191	0.0317788589863	0.953488372093	0.0106604264171	0.0210851118539	1.0	589.0	0.0	4831.0	40.0	3216.0	2.0	7602.0	0.0247622087822	0.0452947192528	0.0389184772324	0.0421065982426	0.0419857297184	0.000821886847005	0.044870782484	0.00129175005445	0.0230812662692	0.00761326708563	0.902482442878	0.26092806805	0.457001164848	0.323148622674	0.190979829821	0.00368293550455

method=PR4-reg=1-eta=5.0-ltype=4-itype=3-try=1


Mutual	information:
0.0247622087822



1876.0	1970.0	576.0	11859.0	3846.0	12435.0	2452.0	13829.0	16281.0	0.843621399177	0.00284657032166	0.424242424242	0.823255813953	0.595744680851	0.90306122449	0.0251793804128	0.0224587898051	0.0363261672542	0.0324011846762	0.116852742694	0.213745559646	0.275754072909	0.244749816278	0.242778105765	0.168582872399	0.213745559646	0.275754072909	0.244749816278	0.242778105765	0.765089722675	0.48777951118	0.595744680851	220.0	370.0	59.0	4772.0	1656.0	1600.0	517.0	7087.0	0.0247622087822	0.0452947192528	0.0389184772324	0.0421065982426	0.0419857297184	0.0223570412801	0.0527590970402	0.035138303279	0.0439487001596	0.0430565343766	0.0273114066945	0.0239430760964	0.112910358854	0.0798396804116	0.190979829821	0.148625561939
